# Made in Blockbench 4.9.4
mtllib model.mtl

o Head
v 0.2606278985568711 2.001773068586155 0.25352256362652126
v 0.2606212866922355 2.010466065967037 -0.24640186241487472
v 0.2613884372797588 1.5018492210079595 0.24482956624563934
v 0.2613818254151232 1.5105422183888413 -0.25509485979575663
v -0.2393781348445641 2.009705527244149 -0.24640847427951035
v -0.23937152297992847 2.0010125298632673 0.2535159517618857
v -0.23861759612167638 1.5097816796659536 -0.25510147166039226
v -0.23861098425704075 1.5010886822850718 0.24482295438100365
vt 0.125 0.875
vt 0.25 0.875
vt 0.25 0.75
vt 0.125 0.75
vt 0 0.875
vt 0.125 0.875
vt 0.125 0.75
vt 0 0.75
vt 0.375 0.875
vt 0.5 0.875
vt 0.5 0.75
vt 0.375 0.75
vt 0.25 0.875
vt 0.375 0.875
vt 0.375 0.75
vt 0.25 0.75
vt 0.25 0.875
vt 0.125 0.875
vt 0.125 1
vt 0.25 1
vt 0.375 1
vt 0.25 1
vt 0.25 0.875
vt 0.375 0.875
vn -0.000013223729271302001 0.01738599476176385 -0.999848852082792
vn 0.9999988430735993 0.0015210774457754472 0.000013223729271204838
vn 0.000013223729271302001 -0.01738599476176385 0.999848852082792
vn -0.9999988430735993 -0.0015210774457754472 -0.000013223729271204838
vn -0.0015210774457754463 0.9998476951563914 0.017385994761763838
vn 0.0015210774457754463 -0.9998476951563914 -0.017385994761763838
usemtl m_c9378dd9-ed0d-877b-d978-7fb0aeb22a1a
f 4/4/1 7/3/1 5/2/1 2/1/1
f 3/8/2 4/7/2 2/6/2 1/5/2
f 8/12/3 3/11/3 1/10/3 6/9/3
f 7/16/4 8/15/4 6/14/4 5/13/4
f 6/20/5 1/19/5 2/18/5 5/17/5
f 7/24/6 4/23/6 3/22/6 8/21/6
o Hat Layer
v 0.2509616650960891 1.9989411266203678 0.3584768923082722
v 0.2997182057352563 2.057738387208423 -0.1988129172991182
v 0.2560861840141686 1.439522560475714 0.2999033730481331
v 0.30484272465333584 1.498319821063769 -0.25738643655925747
v -0.2606413119413505 2.057738387208423 -0.2478380225946759
v -0.3093978525805177 1.9989411266203678 0.3094517870127145
v -0.25551679302327096 1.498319821063769 -0.3064115418548152
v -0.3042733336624382 1.439522560475714 0.2508782677525754
vt 0.625 0.875
vt 0.75 0.875
vt 0.75 0.75
vt 0.625 0.75
vt 0.5 0.875
vt 0.625 0.875
vt 0.625 0.75
vt 0.5 0.75
vt 0.875 0.875
vt 1 0.875
vt 1 0.75
vt 0.875 0.75
vt 0.75 0.875
vt 0.875 0.875
vt 0.875 0.75
vt 0.75 0.75
vt 0.75 0.875
vt 0.625 0.875
vt 0.625 1
vt 0.75 1
vt 0.875 1
vt 0.75 1
vt 0.75 0.875
vt 0.875 0.875
vn 0.08667829446963066 0.1045284632676535 -0.9907374393020277
vn 0.9961946980917457 1.7347234759768075e-18 0.08715574274765817
vn -0.08667829446963066 -0.1045284632676535 0.9907374393020277
vn -0.9961946980917457 -1.7347234759768075e-18 -0.08715574274765817
vn -0.00911025585436364 0.9945218953682734 0.10413070090691415
vn 0.00911025585436364 -0.9945218953682734 -0.10413070090691415
usemtl m_c9378dd9-ed0d-877b-d978-7fb0aeb22a1a
f 12/28/7 15/27/7 13/26/7 10/25/7
f 11/32/8 12/31/8 10/30/8 9/29/8
f 16/36/9 11/35/9 9/34/9 14/33/9
f 15/40/10 16/39/10 14/38/10 13/37/10
f 14/44/11 9/43/11 10/42/11 13/41/11
f 15/48/12 12/47/12 11/46/12 16/45/12
o Body
v 0.25 1.5 0.125
v 0.25 1.5 -0.125
v 0.25 0.75 0.125
v 0.25 0.75 -0.125
v -0.25 1.5 -0.125
v -0.25 1.5 0.125
v -0.25 0.75 -0.125
v -0.25 0.75 0.125
vt 0.3125 0.6875
vt 0.4375 0.6875
vt 0.4375 0.5
vt 0.3125 0.5
vt 0.25 0.6875
vt 0.3125 0.6875
vt 0.3125 0.5
vt 0.25 0.5
vt 0.5 0.6875
vt 0.625 0.6875
vt 0.625 0.5
vt 0.5 0.5
vt 0.4375 0.6875
vt 0.5 0.6875
vt 0.5 0.5
vt 0.4375 0.5
vt 0.4375 0.6875
vt 0.3125 0.6875
vt 0.3125 0.75
vt 0.4375 0.75
vt 0.5625 0.75
vt 0.4375 0.75
vt 0.4375 0.6875
vt 0.5625 0.6875
vn 0 0 -1
vn 1 0 0
vn 0 0 1
vn -1 0 0
vn 0 1 0
vn 0 -1 0
usemtl m_c9378dd9-ed0d-877b-d978-7fb0aeb22a1a
f 20/52/13 23/51/13 21/50/13 18/49/13
f 19/56/14 20/55/14 18/54/14 17/53/14
f 24/60/15 19/59/15 17/58/15 22/57/15
f 23/64/16 24/63/16 22/62/16 21/61/16
f 22/68/17 17/67/17 18/66/17 21/65/17
f 23/72/18 20/71/18 19/70/18 24/69/18
o Body Layer
v 0.265625 1.515625 0.140625
v 0.265625 1.515625 -0.140625
v 0.265625 0.734375 0.140625
v 0.265625 0.734375 -0.140625
v -0.265625 1.515625 -0.140625
v -0.265625 1.515625 0.140625
v -0.265625 0.734375 -0.140625
v -0.265625 0.734375 0.140625
vt 0.3125 0.4375
vt 0.4375 0.4375
vt 0.4375 0.25
vt 0.3125 0.25
vt 0.25 0.4375
vt 0.3125 0.4375
vt 0.3125 0.25
vt 0.25 0.25
vt 0.5 0.4375
vt 0.625 0.4375
vt 0.625 0.25
vt 0.5 0.25
vt 0.4375 0.4375
vt 0.5 0.4375
vt 0.5 0.25
vt 0.4375 0.25
vt 0.4375 0.4375
vt 0.3125 0.4375
vt 0.3125 0.5
vt 0.4375 0.5
vt 0.5625 0.5
vt 0.4375 0.5
vt 0.4375 0.4375
vt 0.5625 0.4375
vn 0 0 -1
vn 1 0 0
vn 0 0 1
vn -1 0 0
vn 0 1 0
vn 0 -1 0
usemtl m_c9378dd9-ed0d-877b-d978-7fb0aeb22a1a
f 28/76/19 31/75/19 29/74/19 26/73/19
f 27/80/20 28/79/20 26/78/20 25/77/20
f 32/84/21 27/83/21 25/82/21 30/81/21
f 31/88/22 32/87/22 30/86/22 29/85/22
f 30/92/23 25/91/23 26/90/23 29/89/23
f 31/96/24 28/95/24 27/94/24 32/93/24
o Right Arm
v 0.5 1.520889339608214 0.1362337557079707
v 0.5 1.520889339608214 -0.1137662442920292
v 0.5 0.7708893396082139 0.1362337557079707
v 0.5 0.7708893396082139 -0.1137662442920292
v 0.25 1.520889339608214 -0.1137662442920292
v 0.25 1.520889339608214 0.1362337557079707
v 0.25 0.7708893396082139 -0.1137662442920292
v 0.25 0.7708893396082139 0.1362337557079707
vt 0.6875 0.6875
vt 0.75 0.6875
vt 0.75 0.5
vt 0.6875 0.5
vt 0.625 0.6875
vt 0.6875 0.6875
vt 0.6875 0.5
vt 0.625 0.5
vt 0.8125 0.6875
vt 0.875 0.6875
vt 0.875 0.5
vt 0.8125 0.5
vt 0.75 0.6875
vt 0.8125 0.6875
vt 0.8125 0.5
vt 0.75 0.5
vt 0.75 0.6875
vt 0.6875 0.6875
vt 0.6875 0.75
vt 0.75 0.75
vt 0.8125 0.75
vt 0.75 0.75
vt 0.75 0.6875
vt 0.8125 0.6875
vn 0 0 -1
vn 1 0 0
vn 0 0 1
vn -1 0 0
vn 0 1 0
vn 0 -1 0
usemtl m_c9378dd9-ed0d-877b-d978-7fb0aeb22a1a
f 36/100/25 39/99/25 37/98/25 34/97/25
f 35/104/26 36/103/26 34/102/26 33/101/26
f 40/108/27 35/107/27 33/106/27 38/105/27
f 39/112/28 40/111/28 38/110/28 37/109/28
f 38/116/29 33/115/29 34/114/29 37/113/29
f 39/120/30 36/119/30 35/118/30 40/117/30
o Right Arm Layer
v 0.515625 1.4890693152829295 0.16290786525175383
v 0.515625 1.5379078652517535 -0.11406931528292963
v 0.515625 0.719688258242142 0.027245226449464477
v 0.515625 0.7685268082109662 -0.24973195408521898
v 0.234375 1.5379078652517535 -0.11406931528292963
v 0.234375 1.4890693152829295 0.16290786525175383
v 0.234375 0.7685268082109662 -0.24973195408521898
v 0.234375 0.719688258242142 0.027245226449464477
vt 0.6875 0.4375
vt 0.75 0.4375
vt 0.75 0.25
vt 0.6875 0.25
vt 0.625 0.4375
vt 0.6875 0.4375
vt 0.6875 0.25
vt 0.625 0.25
vt 0.8125 0.4375
vt 0.875 0.4375
vt 0.875 0.25
vt 0.8125 0.25
vt 0.75 0.4375
vt 0.8125 0.4375
vt 0.8125 0.25
vt 0.75 0.25
vt 0.75 0.4375
vt 0.6875 0.4375
vt 0.6875 0.5
vt 0.75 0.5
vt 0.8125 0.5
vt 0.75 0.5
vt 0.75 0.4375
vt 0.8125 0.4375
vn 0 0.17364817766693033 -0.984807753012208
vn 1 0 0
vn 0 -0.17364817766693033 0.984807753012208
vn -1 0 0
vn 0 0.984807753012208 0.17364817766693033
vn 0 -0.984807753012208 -0.17364817766693033
usemtl m_c9378dd9-ed0d-877b-d978-7fb0aeb22a1a
f 44/124/31 47/123/31 45/122/31 42/121/31
f 43/128/32 44/127/32 42/126/32 41/125/32
f 48/132/33 43/131/33 41/130/33 46/129/33
f 47/136/34 48/135/34 46/134/34 45/133/34
f 46/140/35 41/139/35 42/138/35 45/137/35
f 47/144/36 44/143/36 43/142/36 48/141/36
o Left Arm
v -0.25 1.5316261589932196 0.11147551754744789
v -0.25 1.5338077928678127 -0.1385149632185949
v -0.25 0.7816547166950909 0.10493061592366737
v -0.25 0.7838363505696844 -0.14505986484237543
v -0.5 1.5338077928678127 -0.1385149632185949
v -0.5 1.5316261589932196 0.11147551754744789
v -0.5 0.7838363505696844 -0.14505986484237543
v -0.5 0.7816547166950909 0.10493061592366737
vt 0.5625 0.1875
vt 0.625 0.1875
vt 0.625 0
vt 0.5625 0
vt 0.5 0.1875
vt 0.5625 0.1875
vt 0.5625 0
vt 0.5 0
vt 0.6875 0.1875
vt 0.75 0.1875
vt 0.75 0
vt 0.6875 0
vt 0.625 0.1875
vt 0.6875 0.1875
vt 0.6875 0
vt 0.625 0
vt 0.625 0.1875
vt 0.5625 0.1875
vt 0.5625 0.25
vt 0.625 0.25
vt 0.6875 0.25
vt 0.625 0.25
vt 0.625 0.1875
vt 0.6875 0.1875
vn 0 0.008726535498373988 -0.9999619230641713
vn 1 0 0
vn 0 -0.008726535498373988 0.9999619230641713
vn -1 0 0
vn 0 0.9999619230641713 0.008726535498373988
vn 0 -0.9999619230641713 -0.008726535498373988
usemtl m_c9378dd9-ed0d-877b-d978-7fb0aeb22a1a
f 52/148/37 55/147/37 53/146/37 50/145/37
f 51/152/38 52/151/38 50/150/38 49/149/38
f 56/156/39 51/155/39 49/154/39 54/153/39
f 55/160/40 56/159/40 54/158/40 53/157/40
f 54/164/41 49/163/41 50/162/41 53/161/41
f 55/168/42 52/167/42 51/166/42 56/165/42
o Left Arm Layer
v -0.234375 1.5417895878744385 0.10831442483194409
v -0.234375 1.483314424831944 -0.16678958787443882
v -0.234375 0.7776117748011533 0.27074543328331846
v -0.234375 0.7191366117586582 -0.00435857942306439
v -0.515625 1.483314424831944 -0.16678958787443882
v -0.515625 1.5417895878744385 0.10831442483194409
v -0.515625 0.7191366117586582 -0.00435857942306439
v -0.515625 0.7776117748011533 0.27074543328331846
vt 0.8125 0.1875
vt 0.875 0.1875
vt 0.875 0
vt 0.8125 0
vt 0.75 0.1875
vt 0.8125 0.1875
vt 0.8125 0
vt 0.75 0
vt 0.9375 0.1875
vt 1 0.1875
vt 1 0
vt 0.9375 0
vt 0.875 0.1875
vt 0.9375 0.1875
vt 0.9375 0
vt 0.875 0
vt 0.875 0.1875
vt 0.8125 0.1875
vt 0.8125 0.25
vt 0.875 0.25
vt 0.9375 0.25
vt 0.875 0.25
vt 0.875 0.1875
vt 0.9375 0.1875
vn 0 -0.2079116908177593 -0.9781476007338057
vn 1 0 0
vn 0 0.2079116908177593 0.9781476007338057
vn -1 0 0
vn 0 0.9781476007338057 -0.2079116908177593
vn 0 -0.9781476007338057 0.2079116908177593
usemtl m_c9378dd9-ed0d-877b-d978-7fb0aeb22a1a
f 60/172/43 63/171/43 61/170/43 58/169/43
f 59/176/44 60/175/44 58/174/44 57/173/44
f 64/180/45 59/179/45 57/178/45 62/177/45
f 63/184/46 64/183/46 62/182/46 61/181/46
f 62/188/47 57/187/47 58/186/47 61/185/47
f 63/192/48 60/191/48 59/190/48 64/189/48
o Right Leg Layer
v 0.2578176079277419 0.7970524923475177 0.13505993211956924
v 0.25969049046350956 0.7434201536841292 -0.14102271322508625
v 0.2845819006244741 0.030623427745809506 0.2841294597574948
v 0.28645478316024153 -0.023008910917579062 0.008046814412839387
v -0.021388179635611237 0.7336046702365508 -0.14102271322508625
v -0.023261062171378744 0.7872370088999392 0.13505993211956924
v 0.005376113061120846 -0.03282439436515744 0.008046814412839387
v 0.0035032305253532847 0.020807944298231074 0.2841294597574948
vt 0.0625 0.4375
vt 0.125 0.4375
vt 0.125 0.25
vt 0.0625 0.25
vt 0 0.4375
vt 0.0625 0.4375
vt 0.0625 0.25
vt 0 0.25
vt 0.1875 0.4375
vt 0.25 0.4375
vt 0.25 0.25
vt 0.1875 0.25
vt 0.125 0.4375
vt 0.1875 0.4375
vt 0.1875 0.25
vt 0.125 0.25
vt 0.125 0.4375
vt 0.0625 0.4375
vt 0.0625 0.5
vt 0.125 0.5
vt 0.1875 0.5
vt 0.125 0.5
vt 0.125 0.4375
vt 0.1875 0.4375
vn 0.00665913790495125 -0.19069275969204796 -0.981627183447664
vn 0.9993908270190958 0.03489949670250097 -1.734723475976807e-18
vn -0.00665913790495125 0.19069275969204796 0.981627183447664
vn -0.9993908270190958 -0.03489949670250097 1.734723475976807e-18
vn -0.03425829465181707 0.9810292026901866 -0.19080899537654486
vn 0.03425829465181707 -0.9810292026901866 0.19080899537654486
usemtl m_c9378dd9-ed0d-877b-d978-7fb0aeb22a1a
f 68/196/49 71/195/49 69/194/49 66/193/49
f 67/200/50 68/199/50 66/198/50 65/197/50
f 72/204/51 67/203/51 65/202/51 70/201/51
f 71/208/52 72/207/52 70/206/52 69/205/52
f 70/212/53 65/211/53 66/210/53 69/209/53
f 71/216/54 68/215/54 67/214/54 72/213/54
o Left Leg
v 0.28493986158702067 0.7602713208307639 0.1220489677171448
v 0.2868337349274309 0.760245901043191 -0.12794385737510633
v 0.29098730739252743 0.010295712229078768 0.12217104048876504
v 0.2928811807329377 0.01027029244150579 -0.12782178460348614
v 0.0368490359305248 0.7582298353740193 -0.12983746415684094
v 0.03495516259011455 0.7582552551615924 0.12015536093541024
v 0.042896481736031555 0.008254226772334228 -0.12971539138522076
v 0.04100260839562131 0.008279646559907095 0.12027743370703037
vt 0.3125 0.1875
vt 0.375 0.1875
vt 0.375 0
vt 0.3125 0
vt 0.25 0.1875
vt 0.3125 0.1875
vt 0.3125 0
vt 0.25 0
vt 0.4375 0.1875
vt 0.5 0.1875
vt 0.5 0
vt 0.4375 0
vt 0.375 0.1875
vt 0.4375 0.1875
vt 0.4375 0
vt 0.375 0
vt 0.375 0.1875
vt 0.3125 0.1875
vt 0.3125 0.25
vt 0.375 0.25
vt 0.4375 0.25
vt 0.375 0.25
vt 0.375 0.1875
vt 0.4375 0.1875
vn 0.007575493361641131 -0.00010167915029179496 -0.9999713003690048
vn 0.9999387959876246 0.008064262676686307 0.007574427126938522
vn -0.007575493361641131 0.00010167915029179496 0.9999713003690048
vn -0.9999387959876246 -0.008064262676686307 -0.007574427126938522
vn -0.008063261074009022 0.9999674781355802 -0.00016276369549365037
vn 0.008063261074009022 -0.9999674781355802 0.00016276369549365037
usemtl m_c9378dd9-ed0d-877b-d978-7fb0aeb22a1a
f 76/220/55 79/219/55 77/218/55 74/217/55
f 75/224/56 76/223/56 74/222/56 73/221/56
f 80/228/57 75/227/57 73/226/57 78/225/57
f 79/232/58 80/231/58 78/230/58 77/229/58
f 78/236/59 73/235/59 74/234/59 77/233/59
f 79/240/60 76/239/60 75/238/60 80/237/60
o Left Leg Layer
v 0.021474134876027673 0.736066106272109 0.14120184304338756
v 0.023178575689619563 0.7848749051158657 -0.135775337491296
v -0.005376876787134055 -0.03284626461670992 0.005539204241098217
v -0.0036724359735421652 0.015962534227046743 -0.27143797629358535
v -0.25790009440950123 0.794690388563444 -0.135775337491296
v -0.2596045352230931 0.7458815897196873 0.14120184304338756
v -0.28475110607266285 0.025778017674625064 -0.27143797629358535
v -0.28645554688625474 -0.023030781169131487 0.005539204241098217
vt 0.0625 0.1875
vt 0.125 0.1875
vt 0.125 0
vt 0.0625 0
vt 0 0.1875
vt 0.0625 0.1875
vt 0.0625 0
vt 0 0
vt 0.1875 0.1875
vt 0.25 0.1875
vt 0.25 0
vt 0.1875 0
vt 0.125 0.1875
vt 0.1875 0.1875
vt 0.1875 0
vt 0.125 0
vt 0.125 0.1875
vt 0.0625 0.1875
vt 0.0625 0.25
vt 0.125 0.25
vt 0.1875 0.25
vt 0.125 0.25
vt 0.125 0.1875
vt 0.1875 0.1875
vn 0.006060234003882338 0.1735423958889124 -0.9848077530122081
vn 0.9993908270190958 -0.03489949670250097 -8.673617379884035e-19
vn -0.006060234003882338 -0.1735423958889124 0.9848077530122081
vn -0.9993908270190958 0.03489949670250097 8.673617379884035e-19
vn 0.03436929492884695 0.9842078347376881 0.1736481776669304
vn -0.03436929492884695 -0.9842078347376881 -0.1736481776669304
usemtl m_c9378dd9-ed0d-877b-d978-7fb0aeb22a1a
f 84/244/61 87/243/61 85/242/61 82/241/61
f 83/248/62 84/247/62 82/246/62 81/245/62
f 88/252/63 83/251/63 81/250/63 86/249/63
f 87/256/64 88/255/64 86/254/64 85/253/64
f 86/260/65 81/259/65 82/258/65 85/257/65
f 87/264/66 84/263/66 83/262/66 88/261/66
o Left Leg
v -0.027541012159111977 0.7577512387442993 0.11968195923997649
v -0.025647138818701676 0.7577258189567264 -0.13031086585227458
v -0.02149356635360522 0.007775630142614287 0.11980403201159673
v -0.01959969301319492 0.007750210355041309 -0.13018879308065445
v -0.27563183781560785 0.755709753287555 -0.13220447263400925
v -0.2775257111560181 0.7557351730751278 0.11778835245824193
v -0.2695843920101011 0.0057341446858697465 -0.132082399862389
v -0.27147826535051134 0.005759564473442724 0.11791042522986217
vt 0.3125 0.1875
vt 0.375 0.1875
vt 0.375 0
vt 0.3125 0
vt 0.25 0.1875
vt 0.3125 0.1875
vt 0.3125 0
vt 0.25 0
vt 0.4375 0.1875
vt 0.5 0.1875
vt 0.5 0
vt 0.4375 0
vt 0.375 0.1875
vt 0.4375 0.1875
vt 0.4375 0
vt 0.375 0
vt 0.375 0.1875
vt 0.3125 0.1875
vt 0.3125 0.25
vt 0.375 0.25
vt 0.4375 0.25
vt 0.375 0.25
vt 0.375 0.1875
vt 0.4375 0.1875
vn 0.007575493361641131 -0.00010167915029179496 -0.9999713003690048
vn 0.9999387959876246 0.008064262676686307 0.007574427126938522
vn -0.007575493361641131 0.00010167915029179496 0.9999713003690048
vn -0.9999387959876246 -0.008064262676686307 -0.007574427126938522
vn -0.008063261074009022 0.9999674781355802 -0.00016276369549365037
vn 0.008063261074009022 -0.9999674781355802 0.00016276369549365037
usemtl m_c9378dd9-ed0d-877b-d978-7fb0aeb22a1a
f 92/268/67 95/267/67 93/266/67 90/265/67
f 91/272/68 92/271/68 90/270/68 89/269/68
f 96/276/69 91/275/69 89/274/69 94/273/69
f 95/280/70 96/279/70 94/278/70 93/277/70
f 94/284/71 89/283/71 90/282/71 93/281/71
f 95/288/72 92/287/72 91/286/72 96/285/72